time,x,y,z,phi,theta,psi,x_velocity,y_velocity,z_velocity,phi_velocity,theta_velocity,psi_velocity,rotor_speed1,rotor_speed2,rotor_speed3,rotor_speed4
0.06,6.21152698191e-08,2.03076922873e-07,10.0016476733,0.000217106382741,6.28287506037,0.0,1.41970513987e-05,1.7915434164e-05,0.054920844504,0.0100191812334,-0.0183050530835,0.0,422.986955364608,421.40797988419547,422.0810065498964,422.9445882690665
0.12000000000000001,1.19410270755e-05,9.00456427076e-06,10.0105940466,0.000892215283637,6.28241461202,0.0,0.000464888335176,0.000349032277204,0.243269531115,0.0136096421559,0.00787586118843,0.0,464.08532131608536,466.1354760188626,462.9392761435819,463.2215290557989
0.18,5.49640107798e-05,5.3177673172e-05,10.0296942979,0.00182006665075,6.28290066925,0.0,0.000916729036027,0.00121906750042,0.393365050239,0.0189366533461,0.0085473904722,0.0,452.700165373531,452.75406957577644,452.25442292080635,452.68310847486674
0.23999999999999996,0.000114070353836,0.000171279673378,10.0575450419,0.00334841873221,0.000287551612321,0.0,0.000994714864397,0.00286430848853,0.534936551038,0.0360906745804,0.0114447567373,0.0,451.18160897097965,451.4153102288451,448.16601472735925,449.558011115892
0.3,0.00016398385537,0.000428013534713,10.0943962039,0.00611459325156,0.00135780416838,0.0,0.000569287942513,0.00597173750797,0.693351085745,0.0609658982399,0.0282648365536,0.0,454.5799337417169,455.9255151239015,454.5119980739591,456.5020828099276
0.36000000000000004,0.00015755245256,0.00095106361368,10.1424725286,0.0103371207587,0.00256917285058,0.0,-0.00096786284966,0.011937197013,0.909042447904,0.0845509778611,-0.00540989171467,0.0,474.3075336023578,471.7145826727333,471.49696310589627,473.31864318926927
0.4200000000000001,3.32126358498e-05,0.00196015267905,10.2053321627,0.0153497450271,0.00289982051252,0.0,-0.00318421453149,0.0223429138422,1.18602528791,0.081450483753,0.0213746772706,0.0,489.80986415362224,491.7974855920383,490.7473454757358,490.52215713879633
0.48000000000000015,-0.000217390714027,0.0036080449292,10.2777450493,0.0200918926012,0.00441683261355,0.0,-0.00530069886934,0.0330360742924,1.2276852738,0.0737103332024,0.0321353545475,0.0,418.5277279796481,419.46329681774694,420.2266538187184,419.56062722756485
0.5400000000000001,-0.000652247205436,0.0061010841745,10.3581796397,0.0244249936401,0.00649046672797,0.0,-0.0094350528384,0.0505878105664,1.45319565789,0.0690555205094,0.0390155581841,0.0,476.3381587454736,476.86436872289454,476.77281221968104,476.42071700202496
0.6000000000000002,-0.00136907502027,0.00968469263192,10.4494768338,0.0285314058757,0.00845581130391,0.0,-0.0146941841577,0.0693042585203,1.58985008956,0.0671809328755,0.0157144978962,0.0,450.7871084874359,448.90081376941174,451.2967863401095,451.14892377315437
0.6600000000000003,-0.00248038938299,0.0146156509609,10.5535982834,0.032478244649,0.0103602266658,0.0,-0.0225459607852,0.0955676684368,1.88041507292,0.0628232392869,0.0525072363535,0.0,495.1770149649283,497.87621983275915,495.98868550101105,495.67128094160864
0.7200000000000003,-0.00402313708353,0.0209254742476,10.6661144285,0.0358438896516,0.0135304209539,0.0,-0.0291500627715,0.115070351648,1.8701250465,0.0371499088979,0.0534869913908,0.0,405.3668513878742,405.4569986175894,404.01004712407735,401.69107203005984
0.7800000000000004,-0.00604844648141,0.0285342520974,10.7800932802,0.0378590259427,0.0178798480932,0.0,-0.0387358170065,0.138756053113,1.92905730043,0.0252856127483,0.095660944116,0.0,425.1781671022576,428.77971144349885,428.1474735425828,427.1374187366386
0.8400000000000004,-0.00876184100076,0.0376429700432,10.8987145752,0.0390629045594,0.0234736964406,0.0,-0.0522828117653,0.165001293378,2.02480186814,0.0067653376649,0.0878683230275,0.0,439.73026867644364,439.0917365711432,440.1467086755953,438.61135824566236
0.9000000000000005,-0.0123908820624,0.0483298578241,11.0226398077,0.0397208702839,0.0290185408279,0.0,-0.0692197245687,0.19127497485,2.10587472181,0.0182654757754,0.100226798897,0.0,434.6436548545166,435.6854426130565,434.5950859799922,435.557775662353
0.9600000000000005,-0.0171556712881,0.060615513174,11.1516028017,0.0404068894784,0.0352440722081,0.0,-0.0902150681069,0.218333351678,2.19270263072,-0.00796279276137,0.110018555245,0.0,436.69295481156195,437.5184529036649,438.6390747132768,436.45554820907694
1.0200000000000005,-0.0233099611129,0.0745344978545,11.2858139939,0.0403758142061,0.0415377160757,0.0,-0.115570999131,0.245600976477,2.28080443121,0.0112852245864,0.09192789397,0.0,439.2061999786679,437.71291649483686,437.02753100546806,438.62889969936555
1.0800000000000005,-0.031056809571,0.0900425214865,11.4240717466,0.0413492982075,0.0467847911905,0.0,-0.143161977041,0.271405885082,2.32766257318,0.0246212288519,0.0765289244429,0.0,425.22606412233665,423.91155132857585,425.3820863765604,426.52245659100845
1.1400000000000006,-0.0408278594381,0.107356439459,11.5708287729,0.0426198361915,0.0515256351029,0.0,-0.183086453383,0.305869980766,2.56369643021,0.0131976124425,0.0835685405113,0.0,483.4673210451573,484.00183016890315,483.9413815303211,483.0807448338973
1.2000000000000006,-0.0531170232921,0.12676933662,11.7318066148,0.0437678169911,0.0563971263929,0.0,-0.227129141979,0.341320486987,2.80163153374,0.0289383660211,0.0759579757105,0.0,485.8580191962553,485.29180507329346,484.37109645802855,485.5533211287356
1.2600000000000007,-0.0678836808668,0.148122861243,11.9020998901,0.0458818356434,0.0608373150927,0.0,-0.265523939,0.370643108311,2.87458523273,0.0455282747418,0.0697775033514,0.0,436.0240239444574,435.5117640484494,436.54805867363615,437.9307205933649
1.3200000000000007,-0.0850740828605,0.171304197463,12.0772701257,0.048915190107,0.0661209041394,0.0,-0.307965424859,0.402344617178,2.96413626693,0.0590780151677,0.110671021726,0.0,441.1644686808534,444.53404067863534,441.1537617172644,442.272781395549
1.3800000000000008,-0.104876875763,0.196415005112,12.2570712016,0.0521304135533,0.0726317943155,0.0,-0.352753515102,0.434999115217,3.02898594019,0.0393750265742,0.103814725628,0.0,435.63292532227626,435.069851466163,435.5664346151826,433.91740322069734
1.4400000000000008,-0.127603263639,0.223619924513,12.4422100105,0.0546982671955,0.0799625642581,0.0,-0.405489750117,0.472065794325,3.14191503721,0.0488868613028,0.144850285224,0.0,448.3381194819441,451.6722214696711,451.16695783666444,451.9352553965525
1.5000000000000009,-0.153535673072,0.253022265881,12.6326333876,0.0578145223557,0.0886662275165,0.0,-0.459749741579,0.508287093053,3.20524398393,0.0574288792195,0.145478796992,0.0,436.4981453653002,436.5706843830624,435.04934092812226,435.7657874298394
1.560000000000001,-0.182821929472,0.284612227344,12.8260378686,0.0611983846892,0.0971971201646,0.0,-0.517249487534,0.545012611673,3.24134902495,0.0542521337347,0.134611376015,0.0,428.46867125435034,427.56335158009676,427.65338851036927,427.3850078384572
1.620000000000001,-0.215801760187,0.31852003182,13.0224483381,0.064409580192,0.105355718555,0.0,-0.582845271021,0.585538014175,3.3053500418,0.0520143518454,0.13857339405,0.0,436.8829580936682,437.2306052427571,437.6785297359449,437.49417619100683
1.680000000000001,-0.252788959039,0.354865445661,13.221841911,0.067409817135,0.113847034502,0.0,-0.650828181543,0.626239942325,3.34085661313,0.0456467617676,0.146842710945,0.0,427.98113266193684,428.70381454318203,429.4704455996308,428.9316599845337
1.740000000000001,-0.294001885614,0.393697017057,13.4232167391,0.0699773817355,0.122653055255,0.0,-0.723734058811,0.668369021871,3.37139124205,0.0363692198162,0.146615369897,0.0,427.28934470940123,427.29108987873997,428.49408788322233,427.7057032245479
1.8000000000000012,-0.340052053759,0.435268005054,13.6287802515,0.0726039043131,0.131587230751,0.0,-0.812146725874,0.717540892257,3.48020784229,0.0555258794833,0.153120092367,0.0,452.4827110848896,453.02641826299345,453.08079547607093,454.61939061681375
1.8600000000000012,-0.391055184619,0.479549641154,13.8368140801,0.0755623091492,0.140835755716,0.0,-0.888737566467,0.758767486105,3.45415274666,0.0324276089735,0.156109050129,0.0,409.9893917175909,410.27948907032527,411.5973333759924,409.54951966138316
1.9200000000000013,-0.447323749189,0.526617724057,14.0468123464,0.0774767064313,0.150404839915,0.0,-0.987794510515,0.810317695293,3.545281609,0.0308439477794,0.165493852377,0.0,448.6016393324393,449.38685853384897,449.4000695741804,449.27203655928156
1.9800000000000013,-0.510149948711,0.577025816428,14.2649427176,0.0804154055041,0.160100897548,0.0,-1.10743908359,0.8701660901,3.72486393188,0.0714789548315,0.152397606531,0.0,478.0612073050506,477.0849800728296,475.4975258260632,478.60158358017117
2.0400000000000014,-0.579678601941,0.630749418576,14.4895372831,0.0848610139012,0.16908292203,0.0,-1.21100128603,0.920989084393,3.76123258355,0.0788650889521,0.143679909567,0.0,435.3823367040235,434.67384710193505,433.76459279528046,434.3888790737723
2.1000000000000014,-0.655158214738,0.687388549591,14.7137776085,0.0898528034563,0.177797232266,0.0,-1.30570876361,0.967359618862,3.71335304324,0.0906891074035,0.148183079128,0.0,406.3250261889319,406.75042476312325,406.82699981045835,407.8907023093141
2.1600000000000015,-0.736362703222,0.746837254958,14.9345456274,0.0953014023304,0.186534646714,0.0,-1.40183057174,1.01467506928,3.64553642437,0.0910504663669,0.139945768459,0.0,400.94218132627805,400.21537261168413,399.7062954191633,399.74715492336446
2.2200000000000015,-0.824224171784,0.809585731755,15.1551347333,0.101454064499,0.194871835432,0.0,-1.52765100089,1.07744884187,3.70688399119,0.119005058697,0.136892548007,0.0,444.3626875090978,444.1302326056664,442.6209196539658,444.92449316049374
2.2800000000000016,-0.920004800398,0.876325241114,15.3803737412,0.108620416235,0.20291397761,0.0,-1.66579240044,1.14784797094,3.80036341616,0.120292816979,0.127610905045,0.0,455.9470842911636,455.22092582198303,455.2859843127218,455.4014785907382
2.3400000000000016,-1.02503573315,0.947850002699,15.6149763289,0.115442908579,0.210380392433,0.0,-1.83597472746,1.2370153802,4.01846321067,0.0953831256951,0.117203256772,0.0,495.0710133256943,494.3168794100502,495.4922564806863,493.6672731373431
2.4000000000000017,-1.13955296574,1.02438350839,15.8583962813,0.120957167281,0.218209854135,0.0,-1.98194156085,1.31456640267,4.09482726948,0.0838423168679,0.148750839143,0.0,452.0957578563474,454.64537146459975,455.4578962701815,454.54070028496193
2.4600000000000017,-1.26334465362,1.10585864877,16.1078869394,0.126011080216,0.227084184565,0.0,-2.14527155482,1.40167432262,4.22053358694,0.0849993529306,0.146161062726,0.0,470.7676805349324,470.586410495443,471.55468944192455,471.6494261520827
2.520000000000002,-1.39641208711,1.1922665172,16.3617799409,0.131195872412,0.236314327938,0.0,-2.29109789282,1.4789686076,4.2419920005,0.0890989932533,0.165916123623,0.0,438.9513857688927,440.61020031105664,440.33794823479616,440.68322900551505
2.580000000000002,-1.53814676608,1.28325467861,16.6158256848,0.136269090864,0.245896839332,0.0,-2.43422914046,1.55434052801,4.22574458112,0.0734216425983,0.142898491102,0.0,429.77452721378666,427.8437253846949,429.61376422996847,428.2882948456963
2.640000000000002,-1.68860810582,1.37882178907,16.868716907,0.140629963402,0.254633579852,0.0,-2.58189149582,1.63152315157,4.20354727619,0.0711585008859,0.150546461465,0.0,427.4370558898222,428.10910375330144,428.05477417206754,427.86642507487846
2.700000000000002,-1.84806495733,1.47906854818,17.1201259153,0.144797960335,0.263504968407,0.0,-2.73410285728,1.71030575338,4.1763252302,0.0658498682194,0.141853946419,0.0,428.0717904317115,427.3527527173516,426.78415591600435,426.33462625340525
2.760000000000002,-2.01757333063,1.58450457625,17.3726088061,0.149146995391,0.272148939892,0.0,-2.91691921739,1.80448092567,4.23889088729,0.0832288162927,0.148154842736,0.0,457.8849802264643,458.40469648623326,456.88176971950736,458.2692683190875
2.820000000000002,-2.1990845324,1.69611671532,17.631764652,0.15394811433,0.281719407039,0.0,-3.13426127391,1.91622777272,4.39817912737,0.0726742985555,0.17581425936,0.0,489.22000744424594,491.29636794453734,489.7572572038673,488.9759891655702
2.880000000000002,-2.39233803473,1.81371025544,17.8951894273,0.158485243513,0.292242621845,0.0,-3.3084063932,2.00380676203,4.3819910377,0.0809358828543,0.174519523341,0.0,437.11322401083527,437.0354817908041,436.7303491366804,437.4235821733651
2.940000000000002,-2.59679271718,1.93691173775,18.1593780107,0.163331921554,0.303145571629,0.0,-3.50765017064,2.10317162062,4.42326961459,0.0804604512725,0.193185931601,0.0,457.49282217821514,459.0074005781179,457.0510081562344,457.0181735162346
3.000000000000002,-2.8128778704,2.06586080564,18.4242279103,0.168281014495,0.314822698036,0.0,-3.69614570331,2.19538373702,4.40427208774,0.0862517702862,0.197336358289,0.0,439.21657805466054,439.5981336994275,440.32961197307037,440.8141087749069
3.0600000000000023,-3.04230843509,2.20134030257,18.693307482,0.173767203718,0.326654369488,0.0,-3.95251925342,2.32084334141,4.56316178145,0.100182194245,0.196909812022,0.0,498.1227859618629,498.1250070466867,498.4165160141664,499.43967993892716
3.1200000000000023,-3.28490134434,2.34316933819,18.9645640114,0.179740622189,0.338441744789,0.0,-4.13485667712,2.40710953417,4.47816517919,0.0982773100509,0.195534912369,0.0,422.71618934213166,422.63756032544944,423.4493772399381,423.2945184110756
3.1800000000000024,-3.53952834283,2.49069519166,19.2331115254,0.185674881618,0.350410608802,0.0,-4.35364623486,2.51069775591,4.47232594382,0.100128811909,0.20638090932,0.0,451.58215180060824,452.4944278848442,451.4187679644914,451.57641456796273
3.2400000000000024,-3.8084774177,2.64499670277,19.5037567813,0.191575277254,0.363702368477,0.0,-4.6123180124,2.63291271764,4.5474574679,0.0945011550396,0.241503123958,0.0,478.70233306068667,481.41116895799615,481.5626936002907,481.144210970378
3.3000000000000025,-4.09095460025,2.80557191599,19.7729158743,0.197116348694,0.37801179932,0.0,-4.80467920859,2.71981971437,4.42391188472,0.0876651844994,0.231673453348,0.0,417.93483791810496,417.1377149125332,416.620072131773,416.0295973759169
3.3600000000000025,-4.38602859678,2.97181552645,20.0365899086,0.202015931295,0.392295912665,0.0,-5.03217925483,2.82177066143,4.36415336597,0.0656010514409,0.248481740318,0.0,440.6077723213158,442.0520526435635,442.2956413172588,440.4795937866267
3.4200000000000026,-4.69485079248,3.14413657873,20.2961770804,0.206292526715,0.406891982451,0.0,-5.26298527376,2.92230016507,4.28770315241,0.0807179149737,0.230027475499,0.0,439.3654386535143,437.89208343684754,436.8667258099758,438.12960282610567
3.4800000000000026,-5.01831503417,3.32277502617,20.5522680685,0.211568432745,0.421447493961,0.0,-5.52017437751,3.03237860989,4.24728064697,0.0994323772502,0.260128766536,0.0,452.1097730683888,454.5853883541744,452.381523507359,453.8924125566278
3.5400000000000027,-5.35644537022,3.5075773993,20.8035288859,0.217362212643,0.437069934314,0.0,-5.75193997883,3.12782972924,4.12706768978,0.0901038421111,0.260858954037,0.0,428.43404430050623,428.56712521401516,428.2289610895757,427.44281701022686
3.6000000000000028,-5.7103703315,3.69889497827,21.0508252972,0.222449688693,0.45235394237,0.0,-6.0465792652,3.24939234062,4.11428137967,0.0711946886979,0.238258647627,0.0,468.9854922262204,467.2873948574921,470.1705100121656,468.70824088415196
3.660000000000003,-6.08024092277,3.8966182881,21.2931333564,0.226502649607,0.467168261173,0.0,-6.28347534535,3.34136773785,3.96176775432,0.0590295395082,0.260167827465,0.0,421.62825540748366,423.5811023478992,423.71212355192097,422.66831552582016
3.720000000000003,-6.46602334182,4.10050912293,21.5289527459,0.230345444924,0.482749386328,0.0,-6.5769271949,3.45480035061,3.89720042949,0.072552508204,0.258704936805,0.0,458.27606673378324,458.22536949401234,456.3832412243307,457.46442536674806
3.780000000000003,-6.86977074157,4.31123923334,21.7608513938,0.234908300312,0.498220400956,0.0,-6.88224831504,3.56936349354,3.83094478618,0.0822502756022,0.256087620461,0.0,461.575959826085,461.4334665394153,460.2874826766003,461.05882332984953
3.840000000000003,-7.2922209036,4.52889455605,21.9887584138,0.240463146214,0.513135127078,0.0,-7.20027306193,3.68566323662,3.7640072669,0.107792764828,0.226118384133,0.0,466.4944941456559,464.2056287761294,464.16802646224596,466.1753130769284
3.900000000000003,-7.73249704531,4.75290631547,22.2098299576,0.246912391184,0.526977660473,0.0,-7.47646106402,3.78139677022,3.60376414689,0.106870159248,0.238579574606,0.0,435.1490573909646,436.2451340731199,435.40241247879595,435.33560504426885
3.960000000000003,-8.19022441839,4.98295461787,22.4221887353,0.253614440906,0.541188007862,0.0,-7.78190561326,3.88680276493,3.47318424691,0.119932474416,0.233116900853,0.0,450.30885299112583,449.9217714011162,449.78195072046896,450.8496982887219
4.020000000000002,-8.66619780558,5.21921433707,22.6259916691,0.261192203208,0.554865237303,0.0,-8.08463241262,3.98847772729,3.31863579511,0.136675599422,0.214879469892,0.0,446.52685789646216,445.08724838697293,444.4193790651559,445.8043586066676
4.080000000000001,-9.16022189098,5.46145946492,22.819790195,0.269742041857,0.568273101204,0.0,-8.38356642338,4.08635769663,3.13979055049,0.152136611522,0.236655260967,0.0,440.20849224593064,442.0565855967577,438.73657559640947,440.0377832792376
4.14,-9.67246658347,5.70963243181,23.002742549,0.278983434678,0.583537759503,0.0,-8.69198075245,4.18603324629,2.95686507049,0.157547789085,0.276581323964,0.0,440.648025787722,444.0002982088981,443.29172273924473,443.75872317277
4.199999999999998,-10.2035725976,5.96385890296,23.174651827,0.288376005012,0.600134848557,0.0,-9.01225321078,4.28805236776,2.77143339773,0.154455965508,0.276691528536,0.0,447.4737847342246,447.55959290606467,446.356641772729,446.1272495311142
4.259999999999997,-10.7519171176,6.22329647073,23.3320815723,0.298172018711,0.616721347945,0.0,-9.2668092031,4.35980534347,2.47508690187,0.176733018013,0.275938380822,0.0,406.6953114756162,406.71291178110766,404.43702906529796,406.4670168830472
4.319999999999996,-11.3196702192,6.4886649221,23.4767874432,0.308916115367,0.633343795441,0.0,-9.65862356352,4.48551237536,2.34551329724,0.183365575488,0.279154332426,0.0,477.51627193328864,477.8333834732504,477.94108688174884,478.47491379303324
4.379999999999995,-11.9074566845,6.76004691869,23.6085667029,0.31979880754,0.650076551023,0.0,-9.93501023357,4.56039981402,2.04566471346,0.177080704293,0.278324706751,0.0,415.82972096695505,415.84161859464285,416.04319909215405,415.5266151415782
4.439999999999993,-12.5139274961,7.03669153469,23.7244739945,0.331078833842,0.667747627701,0.0,-10.2810972167,4.66072278216,1.81553220021,0.203843296932,0.315392408599,0.0,449.0682217256663,452.15055546319746,449.1348525960152,451.3340789484065
4.499999999999992,-13.1414535492,7.31936497589,23.8263286799,0.343078404489,0.687084128026,0.0,-10.6367300289,4.76126995949,1.57696137595,0.190913272637,0.33332667148,0.0,453.3311213096242,454.8736453923276,454.3031319141156,453.3029189363585
4.559999999999991,-13.7922185039,7.60872390388,23.9154281524,0.354545850849,0.707413267572,0.0,-11.0553577334,4.88326907833,1.38950474182,0.191541807233,0.347984604296,0.0,482.960489028548,484.17243620323234,482.1179919728061,482.197929980457
4.6199999999999894,-14.4676345113,7.90506177707,23.9920836037,0.366728207413,0.728804590989,0.0,-11.4583526912,4.99382934573,1.16226281847,0.219492328967,0.369643345683,0.0,475.03907182799463,476.8183621904374,475.55143984966895,477.7249886386874
4.679999999999988,-15.1655703996,8.20721303045,24.0527307117,0.37975716998,0.751256879399,0.0,-11.8061110579,5.07710917597,0.856473918743,0.212005579489,0.382023659052,0.0,450.87637747656044,452.0178440890478,452.7950500998906,452.23773168383815
4.739999999999987,-15.8834663981,8.51384586251,24.0935852892,0.392716107818,0.773791151217,0.0,-12.1237112295,5.14317417259,0.502867338339,0.222928178196,0.357848144973,0.0,439.89780929311206,438.03721604999737,437.49357337758204,438.44915827908744
4.799999999999986,-16.6228104234,8.82521687076,24.1149845494,0.40622746952,0.795361748524,0.0,-12.5204692039,5.23476749092,0.207061131086,0.229358907397,0.362632858874,0.0,473.18847381036244,473.68134796306373,473.6056850781944,474.1470530584978
4.859999999999984,-17.3831798796,9.14083358417,24.1155943294,0.42014189815,0.81685974624,0.0,-12.8249462999,5.28486743866,-0.189026219865,0.236561770219,0.347841585588,0.0,436.177435183425,435.0747190817217,435.5281692771507,436.18508688071563
4.919999999999983,-18.1652372138,9.46059247004,24.0949309382,0.434093846787,0.837381732677,0.0,-13.2425351326,5.37240769232,-0.503318704322,0.222947151614,0.32675064666,0.0,485.23917213433435,483.7615941209548,484.05540167535196,483.0781650495372
4.979999999999982,-18.972896313,9.78561566424,24.0553302494,0.447466034992,0.857076237129,0.0,-13.6780657842,5.4601639982,-0.820372503069,0.22271495069,0.331060967785,0.0,493.44097078909385,493.8578168741147,494.2890530182241,494.31567319497344
5.0399999999999805,-19.8017821139,10.1138592539,23.9923949405,0.460824545223,0.87709050187,0.0,-13.951110637,5.48018334445,-1.27934488754,0.222495486363,0.338157914864,0.0,431.7657130965449,432.4818860482604,432.73086356188537,432.76297672682796
